1
2
1
4
6
8
12
5
1
1.5
8
10
16
24
8
10
12
16
2
2
8
12
2
1
2
2
5
2
4
8
12
3
5
2
12
5
1
5
125
1
1
1
5
1
2
1
2
0.25
1
1
18
16
0.5
1
4
1
1
4
4
2
0.5
2
1
0.5
2
2
0.5
0.5
0.5
1
0.5
2
1
0.5
0.5
1
2
1
2
1
5
2
4
2
1
5
1
8
5
1
2
2
5
5
1
5
2
1
5
1
1
2
25
1
5
1
1
1
5
2
1
5
1
1
1
1
1
2
1
2
1
1
5
2
1
2
1
1
5
2
1
2
1
5
2
1
5
5
1
1
1
1
2
2
5
2
1
2
1
4
8
2
8
4
4
2
5
4
1
5
4
1
1
1
2
5
5
25
25
2
5
1
25
2
1
2
5
125
2
1
1
25
2.5
1
2
25
1
1
5
1
8
1
2
1
5
2
1
5
1
5
5
5
2
1
1
5
5
2
5
25
2
5
1.5
1.5
25
2
1
5
5
25
2
1
1.5
1
1
2
1
5
1
2
1
8
8
8
1
1
4
8
4
1
6
8
8
1
8
20
20
5
1
1
4
4
4
4
4
1
1
2
1
1
2
2
2
2
1
2
1
5
2
4
8
25
4
4
4
4
4
4
4
2
8
8
4
2
4
8
6
8
4
2
2
2
2.5
4
4
4
25
5
5
25
25
75
8
3
1
1
4
4
1
1
2
